-2.00000 0.00000
-1.98000 0.00000
-1.96000 0.00000
-1.94000 0.00000
-1.92000 0.00000
-1.90000 0.00000
-1.88000 0.00000
-1.86000 0.00000
-1.84000 0.00000
-1.82000 0.00000
-1.80000 0.00000
-1.78000 0.00000
-1.76000 0.00000
-1.74000 0.00000
-1.72000 0.00000
-1.70000 0.00000
-1.68000 0.00000
-1.66000 0.00000
-1.64000 0.00000
-1.62000 0.00000
-1.60000 0.00000
-1.58000 0.00000
-1.56000 0.00000
-1.54000 0.00000
-1.52000 0.00000
-1.50000 0.00000
-1.48000 0.00000
-1.46000 0.00000
-1.44000 0.00000
-1.42000 0.00000
-1.40000 0.00000
-1.38000 0.00000
-1.36000 0.00000
-1.34000 0.00000
-1.32000 0.00000
-1.30000 0.00000
-1.28000 0.00000
-1.26000 0.00000
-1.24000 0.00000
-1.22000 0.00000
-1.20000 0.00000
-1.18000 0.00000
-1.16000 0.00000
-1.14000 0.00250
-1.12000 0.00000
-1.10000 0.00000
-1.08000 0.00000
-1.06000 0.00000
-1.04000 0.00000
-1.02000 0.00000
-1.00000 0.00250
-0.98000 0.00250
-0.96000 0.00000
-0.94000 0.00000
-0.92000 0.00000
-0.90000 0.00250
-0.88000 0.00000
-0.86000 0.01001
-0.84000 0.00000
-0.82000 0.00500
-0.80000 0.01251
-0.78000 0.00751
-0.76000 0.00500
-0.74000 0.01251
-0.72000 0.01251
-0.70000 0.01251
-0.68000 0.02252
-0.66000 0.02002
-0.64000 0.02502
-0.62000 0.03002
-0.60000 0.02752
-0.58000 0.04504
-0.56000 0.06255
-0.54000 0.06505
-0.52000 0.08507
-0.50000 0.08757
-0.48000 0.06755
-0.46000 0.14011
-0.44000 0.14762
-0.42000 0.14011
-0.40000 0.17514
-0.38000 0.23519
-0.36000 0.30274
-0.34000 0.32776
-0.32000 0.38281
-0.30000 0.40783
-0.28000 0.51041
-0.26000 0.67804
-0.24000 0.68305
-0.22000 0.71307
-0.20000 0.93074
-0.18000 1.25350
-0.16000 1.26351
-0.14000 1.82396
-0.12000 1.87400
-0.10000 2.05665
-0.08000 2.24179
-0.06000 2.39942
-0.04000 2.65713
-0.02000 2.69466
0.00000 3.19506
0.02000 2.79223
0.04000 2.52202
0.06000 2.42944
0.08000 2.10168
0.10000 1.78643
0.12000 1.65633
0.14000 1.37360
0.16000 1.27602
0.18000 0.95576
0.20000 0.86569
0.22000 0.71307
0.24000 0.56045
0.26000 0.47288
0.28000 0.38531
0.30000 0.35528
0.32000 0.34277
0.34000 0.25020
0.36000 0.16263
0.38000 0.18014
0.40000 0.13511
0.42000 0.10508
0.44000 0.07756
0.46000 0.10759
0.48000 0.10508
0.50000 0.05004
0.52000 0.03253
0.54000 0.04253
0.56000 0.04253
0.58000 0.02752
0.60000 0.01501
0.62000 0.03253
0.64000 0.03503
0.66000 0.01251
0.68000 0.02252
0.70000 0.01251
0.72000 0.02252
0.74000 0.00500
0.76000 0.00751
0.78000 0.00751
0.80000 0.00500
0.82000 0.00250
0.84000 0.01001
0.86000 0.00000
0.88000 0.00500
0.90000 0.01001
0.92000 0.00500
0.94000 0.00751
0.96000 0.00000
0.98000 0.00000
1.00000 0.00250
1.02000 0.00000
1.04000 0.00000
1.06000 0.00500
1.08000 0.00000
1.10000 0.00000
1.12000 0.00500
1.14000 0.00250
1.16000 0.00000
1.18000 0.00000
1.20000 0.00000
1.22000 0.00000
1.24000 0.00000
1.26000 0.00000
1.28000 0.00000
1.30000 0.00000
1.32000 0.00000
1.34000 0.00000
1.36000 0.00000
1.38000 0.00000
1.40000 0.00000
1.42000 0.00000
1.44000 0.00000
1.46000 0.00000
1.48000 0.00000
1.50000 0.00000
1.52000 0.00000
1.54000 0.00000
1.56000 0.00000
1.58000 0.00000
1.60000 0.00000
1.62000 0.00000
1.64000 0.00000
1.66000 0.00000
1.68000 0.00000
1.70000 0.00000
1.72000 0.00000
1.74000 0.00000
1.76000 0.00000
1.78000 0.00000
1.80000 0.00000
1.82000 0.00000
1.84000 0.00000
1.86000 0.00000
1.88000 0.00000
1.90000 0.00000
1.92000 0.00000
1.94000 0.00000
1.96000 0.00000
1.98000 0.00000
