500.00000 0.00000
507.50000 0.00000
515.00000 0.00000
522.50000 0.00000
530.00000 0.00000
537.50000 0.00000
545.00000 0.00000
552.50000 0.00000
560.00000 0.00000
567.50000 0.00000
575.00000 0.00000
582.50000 0.00000
590.00000 0.00000
597.50000 0.00000
605.00000 0.00000
612.50000 0.00000
620.00000 0.00000
627.50000 0.00000
635.00000 0.00000
642.50000 0.00000
650.00000 0.00000
657.50000 0.00000
665.00000 0.00000
672.50000 0.00000
680.00000 0.00000
687.50000 0.00000
695.00000 0.00000
702.50000 0.00000
710.00000 0.00000
717.50000 0.00000
725.00000 0.00000
732.50000 0.00000
740.00000 0.00000
747.50000 0.00000
755.00000 0.00000
762.50000 0.00000
770.00000 0.00000
777.50000 0.00000
785.00000 0.00000
792.50000 0.00000
800.00000 0.00000
807.50000 0.00000
815.00000 0.00000
822.50000 0.00000
830.00000 0.00000
837.50000 0.00000
845.00000 0.00000
852.50000 0.00000
860.00000 0.00000
867.50000 0.00000
875.00000 0.00000
882.50000 0.00000
890.00000 0.00000
897.50000 0.00000
905.00000 0.00000
912.50000 0.00000
920.00000 0.00000
927.50000 0.00000
935.00000 0.00000
942.50000 0.00000
950.00000 0.00000
957.50000 0.00000
965.00000 0.00000
972.50000 0.00000
980.00000 0.00000
987.50000 0.00000
995.00000 0.00000
1002.50000 0.00000
1010.00000 0.00000
1017.50000 0.00000
1025.00000 0.00000
1032.50000 0.00000
1040.00000 0.00000
1047.50000 0.00000
1055.00000 0.00000
1062.50000 0.00000
1070.00000 0.00001
1077.50000 0.00001
1085.00000 0.00001
1092.50000 0.00000
1100.00000 0.00003
1107.50000 0.00001
1115.00000 0.00001
1122.50000 0.00000
1130.00000 0.00001
1137.50000 0.00001
1145.00000 0.00001
1152.50000 0.00003
1160.00000 0.00002
1167.50000 0.00003
1175.00000 0.00008
1182.50000 0.00006
1190.00000 0.00002
1197.50000 0.00007
1205.00000 0.00019
1212.50000 0.00011
1220.00000 0.00010
1227.50000 0.00013
1235.00000 0.00017
1242.50000 0.00015
1250.00000 0.00019
1257.50000 0.00021
1265.00000 0.00020
1272.50000 0.00026
1280.00000 0.00034
1287.50000 0.00030
1295.00000 0.00035
1302.50000 0.00033
1310.00000 0.00040
1317.50000 0.00058
1325.00000 0.00049
1332.50000 0.00057
1340.00000 0.00062
1347.50000 0.00060
1355.00000 0.00062
1362.50000 0.00068
1370.00000 0.00060
1377.50000 0.00071
1385.00000 0.00082
1392.50000 0.00081
1400.00000 0.00099
1407.50000 0.00093
1415.00000 0.00087
1422.50000 0.00115
1430.00000 0.00121
1437.50000 0.00114
1445.00000 0.00145
1452.50000 0.00167
1460.00000 0.00158
1467.50000 0.00172
1475.00000 0.00214
1482.50000 0.00229
1490.00000 0.00233
1497.50000 0.00276
1505.00000 0.00300
1512.50000 0.00313
1520.00000 0.00331
1527.50000 0.00376
1535.00000 0.00387
1542.50000 0.00426
1550.00000 0.00477
1557.50000 0.00456
1565.00000 0.00496
1572.50000 0.00533
1580.00000 0.00525
1587.50000 0.00520
1595.00000 0.00508
1602.50000 0.00507
1610.00000 0.00432
1617.50000 0.00416
1625.00000 0.00390
1632.50000 0.00378
1640.00000 0.00328
1647.50000 0.00319
1655.00000 0.00257
1662.50000 0.00210
1670.00000 0.00188
1677.50000 0.00164
1685.00000 0.00131
1692.50000 0.00110
1700.00000 0.00086
1707.50000 0.00080
1715.00000 0.00059
1722.50000 0.00063
1730.00000 0.00049
1737.50000 0.00035
1745.00000 0.00037
1752.50000 0.00017
1760.00000 0.00027
1767.50000 0.00024
1775.00000 0.00011
1782.50000 0.00008
1790.00000 0.00009
1797.50000 0.00008
1805.00000 0.00002
1812.50000 0.00006
1820.00000 0.00005
1827.50000 0.00002
1835.00000 0.00003
1842.50000 0.00001
1850.00000 0.00001
1857.50000 0.00001
1865.00000 0.00001
1872.50000 0.00001
1880.00000 0.00001
1887.50000 0.00000
1895.00000 0.00000
1902.50000 0.00000
1910.00000 0.00001
1917.50000 0.00001
1925.00000 0.00000
1932.50000 0.00000
1940.00000 0.00000
1947.50000 0.00000
1955.00000 0.00000
1962.50000 0.00000
1970.00000 0.00000
1977.50000 0.00000
1985.00000 0.00000
1992.50000 0.00000
2000.00000 0.00000
2007.50000 0.00000
2015.00000 0.00000
2022.50000 0.00000
2030.00000 0.00000
2037.50000 0.00000
2045.00000 0.00000
2052.50000 0.00000
2060.00000 0.00000
2067.50000 0.00000
2075.00000 0.00000
2082.50000 0.00000
2090.00000 0.00000
2097.50000 0.00000
