0.00000 0.00071
25.00000 0.00073
50.00000 0.00073
75.00000 0.00076
100.00000 0.00081
125.00000 0.00090
150.00000 0.00094
175.00000 0.00097
200.00000 0.00102
225.00000 0.00108
250.00000 0.00121
275.00000 0.00133
300.00000 0.00144
325.00000 0.00143
350.00000 0.00146
375.00000 0.00147
400.00000 0.00153
425.00000 0.00162
450.00000 0.00152
475.00000 0.00167
500.00000 0.00155
525.00000 0.00160
550.00000 0.00146
575.00000 0.00142
600.00000 0.00116
625.00000 0.00116
650.00000 0.00099
675.00000 0.00096
700.00000 0.00077
725.00000 0.00065
750.00000 0.00063
775.00000 0.00063
800.00000 0.00048
825.00000 0.00046
850.00000 0.00035
875.00000 0.00031
900.00000 0.00029
925.00000 0.00020
950.00000 0.00022
975.00000 0.00014
1000.00000 0.00012
1025.00000 0.00011
1050.00000 0.00010
1075.00000 0.00009
1100.00000 0.00008
1125.00000 0.00005
1150.00000 0.00007
1175.00000 0.00005
1200.00000 0.00004
1225.00000 0.00005
1250.00000 0.00004
1275.00000 0.00003
1300.00000 0.00003
1325.00000 0.00003
1350.00000 0.00002
1375.00000 0.00002
1400.00000 0.00003
1425.00000 0.00003
1450.00000 0.00003
1475.00000 0.00002
1500.00000 0.00003
1525.00000 0.00001
1550.00000 0.00002
1575.00000 0.00002
1600.00000 0.00001
1625.00000 0.00002
1650.00000 0.00001
1675.00000 0.00002
1700.00000 0.00003
1725.00000 0.00001
1750.00000 0.00001
1775.00000 0.00002
1800.00000 0.00001
1825.00000 0.00000
1850.00000 0.00001
1875.00000 0.00001
1900.00000 0.00001
1925.00000 0.00001
1950.00000 0.00001
1975.00000 0.00000
