0.00000 0.00816
7.50000 0.00792
15.00000 0.00826
22.50000 0.00758
30.00000 0.00752
37.50000 0.00706
45.00000 0.00693
52.50000 0.00667
60.00000 0.00657
67.50000 0.00599
75.00000 0.00566
82.50000 0.00541
90.00000 0.00500
97.50000 0.00482
105.00000 0.00482
112.50000 0.00364
120.00000 0.00367
127.50000 0.00338
135.00000 0.00335
142.50000 0.00269
150.00000 0.00230
157.50000 0.00209
165.00000 0.00188
172.50000 0.00141
180.00000 0.00155
187.50000 0.00126
195.00000 0.00108
202.50000 0.00093
210.00000 0.00071
217.50000 0.00072
225.00000 0.00051
232.50000 0.00048
240.00000 0.00036
247.50000 0.00038
255.00000 0.00027
262.50000 0.00037
270.00000 0.00025
277.50000 0.00023
285.00000 0.00013
292.50000 0.00017
300.00000 0.00013
307.50000 0.00011
315.00000 0.00013
322.50000 0.00008
330.00000 0.00006
337.50000 0.00008
345.00000 0.00001
352.50000 0.00006
360.00000 0.00004
367.50000 0.00002
375.00000 0.00004
382.50000 0.00004
390.00000 0.00002
397.50000 0.00002
405.00000 0.00004
412.50000 0.00001
420.00000 0.00002
427.50000 0.00004
435.00000 0.00002
442.50000 0.00004
450.00000 0.00002
457.50000 0.00001
465.00000 0.00003
472.50000 0.00002
480.00000 0.00002
487.50000 0.00001
495.00000 0.00000
502.50000 0.00001
510.00000 0.00000
517.50000 0.00001
525.00000 0.00001
532.50000 0.00001
540.00000 0.00001
547.50000 0.00000
555.00000 0.00000
562.50000 0.00000
570.00000 0.00000
577.50000 0.00000
585.00000 0.00000
592.50000 0.00000
600.00000 0.00001
607.50000 0.00000
615.00000 0.00000
622.50000 0.00000
630.00000 0.00000
637.50000 0.00000
645.00000 0.00000
652.50000 0.00001
660.00000 0.00001
667.50000 0.00000
675.00000 0.00000
682.50000 0.00001
690.00000 0.00001
697.50000 0.00000
705.00000 0.00000
712.50000 0.00000
720.00000 0.00000
727.50000 0.00000
735.00000 0.00000
742.50000 0.00000
750.00000 0.00000
757.50000 0.00000
765.00000 0.00000
772.50000 0.00000
780.00000 0.00000
787.50000 0.00000
795.00000 0.00000
802.50000 0.00000
810.00000 0.00000
817.50000 0.00000
825.00000 0.00000
832.50000 0.00000
840.00000 0.00000
847.50000 0.00000
855.00000 0.00000
862.50000 0.00000
870.00000 0.00000
877.50000 0.00000
885.00000 0.00000
892.50000 0.00000
900.00000 0.00000
907.50000 0.00000
915.00000 0.00000
922.50000 0.00000
930.00000 0.00000
937.50000 0.00000
945.00000 0.00000
952.50000 0.00000
960.00000 0.00000
967.50000 0.00000
975.00000 0.00000
982.50000 0.00000
990.00000 0.00000
997.50000 0.00000
1005.00000 0.00000
1012.50000 0.00000
1020.00000 0.00000
1027.50000 0.00000
1035.00000 0.00000
1042.50000 0.00000
1050.00000 0.00000
1057.50000 0.00000
1065.00000 0.00000
1072.50000 0.00000
1080.00000 0.00000
1087.50000 0.00000
1095.00000 0.00000
1102.50000 0.00000
1110.00000 0.00000
1117.50000 0.00000
