0.00000 0.00000
25.00000 0.00000
50.00000 0.00000
75.00000 0.00000
100.00000 0.00000
125.00000 0.00000
150.00000 0.00000
175.00000 0.00000
200.00000 0.00001
225.00000 0.00001
250.00000 0.00000
275.00000 0.00000
300.00000 0.00000
325.00000 0.00001
350.00000 0.00000
375.00000 0.00002
400.00000 0.00001
425.00000 0.00003
450.00000 0.00013
475.00000 0.00050
500.00000 0.00133
525.00000 0.00185
550.00000 0.00241
575.00000 0.00246
600.00000 0.00253
625.00000 0.00238
650.00000 0.00234
675.00000 0.00212
700.00000 0.00215
725.00000 0.00203
750.00000 0.00195
775.00000 0.00178
800.00000 0.00155
825.00000 0.00144
850.00000 0.00134
875.00000 0.00118
900.00000 0.00105
925.00000 0.00086
950.00000 0.00072
975.00000 0.00068
1000.00000 0.00056
1025.00000 0.00048
1050.00000 0.00040
1075.00000 0.00036
1100.00000 0.00034
1125.00000 0.00024
1150.00000 0.00027
1175.00000 0.00018
1200.00000 0.00019
1225.00000 0.00019
1250.00000 0.00015
1275.00000 0.00012
1300.00000 0.00014
1325.00000 0.00011
1350.00000 0.00011
1375.00000 0.00011
1400.00000 0.00011
1425.00000 0.00009
1450.00000 0.00007
1475.00000 0.00009
1500.00000 0.00009
1525.00000 0.00006
1550.00000 0.00008
1575.00000 0.00005
1600.00000 0.00006
1625.00000 0.00004
1650.00000 0.00008
1675.00000 0.00005
1700.00000 0.00005
1725.00000 0.00004
1750.00000 0.00003
1775.00000 0.00002
1800.00000 0.00003
1825.00000 0.00003
1850.00000 0.00002
1875.00000 0.00002
1900.00000 0.00002
1925.00000 0.00004
1950.00000 0.00002
1975.00000 0.00001
