0.00000 0.00267
25.00000 0.00275
50.00000 0.00264
75.00000 0.00257
100.00000 0.00243
125.00000 0.00233
150.00000 0.00212
175.00000 0.00196
200.00000 0.00194
225.00000 0.00173
250.00000 0.00149
275.00000 0.00133
300.00000 0.00126
325.00000 0.00112
350.00000 0.00098
375.00000 0.00090
400.00000 0.00087
425.00000 0.00086
450.00000 0.00069
475.00000 0.00068
500.00000 0.00054
525.00000 0.00049
550.00000 0.00040
575.00000 0.00035
600.00000 0.00032
625.00000 0.00036
650.00000 0.00031
675.00000 0.00023
700.00000 0.00026
725.00000 0.00022
750.00000 0.00018
775.00000 0.00019
800.00000 0.00016
825.00000 0.00018
850.00000 0.00016
875.00000 0.00013
900.00000 0.00015
925.00000 0.00011
950.00000 0.00012
975.00000 0.00010
1000.00000 0.00011
1025.00000 0.00011
1050.00000 0.00009
1075.00000 0.00009
1100.00000 0.00008
1125.00000 0.00008
1150.00000 0.00008
1175.00000 0.00006
1200.00000 0.00006
1225.00000 0.00007
1250.00000 0.00005
1275.00000 0.00005
1300.00000 0.00006
1325.00000 0.00005
1350.00000 0.00004
1375.00000 0.00004
1400.00000 0.00006
1425.00000 0.00005
1450.00000 0.00004
1475.00000 0.00005
1500.00000 0.00004
1525.00000 0.00004
1550.00000 0.00003
1575.00000 0.00002
1600.00000 0.00004
1625.00000 0.00002
1650.00000 0.00001
1675.00000 0.00001
1700.00000 0.00003
1725.00000 0.00001
1750.00000 0.00001
1775.00000 0.00001
1800.00000 0.00002
1825.00000 0.00001
1850.00000 0.00001
1875.00000 0.00002
1900.00000 0.00001
1925.00000 0.00001
1950.00000 0.00000
1975.00000 0.00000
