0.00000 0.74460
0.00833 2.07766
0.01667 3.15853
0.02500 4.04724
0.03333 5.28423
0.04167 5.62050
0.05000 5.59648
0.05833 6.14291
0.06667 6.57526
0.07500 5.57846
0.08333 6.07086
0.09167 5.56645
0.10000 5.65653
0.10833 5.11609
0.11667 5.09207
0.12500 4.38951
0.13333 4.23939
0.14167 3.78903
0.15000 3.27262
0.15833 3.11049
0.16667 2.99640
0.17500 2.45596
0.18333 2.43195
0.19167 2.13171
0.20000 1.87950
0.20833 1.72338
0.21667 1.29704
0.22500 1.24900
0.23333 1.15292
0.24167 1.00881
0.25000 0.97278
0.25833 0.89472
0.26667 0.81065
0.27500 0.74460
0.28333 0.71457
0.29167 0.58247
0.30000 0.54644
0.30833 0.54644
0.31667 0.49840
0.32500 0.42034
0.33333 0.41433
0.34167 0.28823
0.35000 0.31825
0.35833 0.28223
0.36667 0.28223
0.37500 0.20416
0.38333 0.18615
0.39167 0.23419
0.40000 0.20416
0.40833 0.16213
0.41667 0.12010
0.42500 0.17414
0.43333 0.12610
0.44167 0.12010
0.45000 0.15612
0.45833 0.08407
0.46667 0.13811
0.47500 0.12610
0.48333 0.12010
0.49167 0.07206
