-3.14159 0.02963
-3.03687 0.03010
-2.93215 0.02580
-2.82743 0.03679
-2.72271 0.04062
-2.61799 0.05400
-2.51327 0.07383
-2.40855 0.09366
-2.30383 0.13141
-2.19911 0.18540
-2.09440 0.23701
-1.98968 0.31490
-1.88496 0.37965
-1.78024 0.43484
-1.67552 0.46901
-1.57080 0.44607
-1.46608 0.38061
-1.36136 0.32541
-1.25664 0.26258
-1.15192 0.19042
-1.04720 0.14622
-0.94248 0.09700
-0.83776 0.09366
-0.73304 0.07454
-0.62832 0.05471
-0.52360 0.04659
-0.41888 0.03106
-0.31416 0.03393
-0.20944 0.02819
-0.10472 0.02556
0.00000 0.02915
0.10472 0.03202
0.20944 0.02772
0.31416 0.04109
0.41888 0.04731
0.52360 0.06021
0.62832 0.07407
0.73304 0.09103
0.83776 0.12376
0.94248 0.18564
1.04720 0.23104
1.15192 0.29531
1.25664 0.36436
1.36136 0.44750
1.46608 0.45204
1.57080 0.44631
1.67552 0.39924
1.78024 0.34047
1.88496 0.26951
1.98968 0.18564
2.09440 0.15028
2.19911 0.11086
2.30383 0.09103
2.40855 0.07000
2.51327 0.05567
2.61799 0.04635
2.72271 0.03202
2.82743 0.02819
2.93215 0.02198
3.03687 0.02628
