-3.14159 0.00000
-3.08923 0.00000
-3.03687 0.00000
-2.98451 0.00000
-2.93215 0.00000
-2.87979 0.00000
-2.82743 0.00000
-2.77507 0.00000
-2.72271 0.00000
-2.67035 0.00000
-2.61799 0.00000
-2.56563 0.00000
-2.51327 0.00000
-2.46091 0.00000
-2.40855 0.00000
-2.35619 0.00000
-2.30383 0.00000
-2.25147 0.00000
-2.19911 0.00000
-2.14675 0.00000
-2.09440 0.00000
-2.04204 0.00000
-1.98968 0.00000
-1.93732 0.00000
-1.88496 0.00000
-1.83260 0.00000
-1.78024 0.00000
-1.72788 0.00000
-1.67552 0.00000
-1.62316 0.00096
-1.57080 0.00000
-1.51844 0.00287
-1.46608 0.00000
-1.41372 0.00287
-1.36136 0.00096
-1.30900 0.00096
-1.25664 0.00191
-1.20428 0.00096
-1.15192 0.00191
-1.09956 0.00096
-1.04720 0.00478
-0.99484 0.00669
-0.94248 0.00765
-0.89012 0.01051
-0.83776 0.01434
-0.78540 0.01720
-0.73304 0.02772
-0.68068 0.03345
-0.62832 0.05352
-0.57596 0.07837
-0.52360 0.10895
-0.47124 0.14144
-0.41888 0.21408
-0.36652 0.32494
-0.31416 0.47116
-0.26180 0.68714
-0.20944 1.03980
-0.15708 1.53293
-0.10472 2.07290
-0.05236 2.61956
-0.00000 2.64154
0.05236 2.10062
0.10472 1.52433
0.15708 1.10000
0.20944 0.73971
0.26180 0.47020
0.31416 0.32398
0.36652 0.21121
0.41888 0.14909
0.47124 0.10608
0.52360 0.06308
0.57596 0.04683
0.62832 0.02772
0.68068 0.03058
0.73304 0.01625
0.78540 0.01434
0.83776 0.00860
0.89012 0.00860
0.94248 0.00478
0.99484 0.00382
1.04720 0.00765
1.09956 0.00191
1.15192 0.00096
1.20428 0.00191
1.25664 0.00287
1.30900 0.00096
1.36136 0.00096
1.41372 0.00096
1.46608 0.00096
1.51844 0.00096
1.57080 0.00191
1.62316 0.00096
1.67552 0.00096
1.72788 0.00000
1.78024 0.00096
1.83260 0.00000
1.88496 0.00000
1.93732 0.00000
1.98968 0.00000
2.04204 0.00000
2.09440 0.00096
2.14675 0.00000
2.19911 0.00000
2.25147 0.00000
2.30383 0.00000
2.35619 0.00000
2.40855 0.00000
2.46091 0.00000
2.51327 0.00000
2.56563 0.00000
2.61799 0.00000
2.67035 0.00000
2.72271 0.00000
2.77507 0.00000
2.82743 0.00000
2.87979 0.00000
2.93215 0.00000
2.98451 0.00000
3.03687 0.00000
3.08923 0.00000
