0.00000 0.00000
0.02500 0.00000
0.05000 0.00000
0.07500 0.00000
0.10000 0.00000
0.12500 0.00000
0.15000 0.00000
0.17500 0.00000
0.20000 0.00000
0.22500 0.00000
0.25000 0.00211
0.27500 0.00000
0.30000 0.00000
0.32500 0.00000
0.35000 0.00000
0.37500 0.00423
0.40000 0.00846
0.42500 0.00211
0.45000 0.00423
0.47500 0.01268
0.50000 0.02748
0.52500 0.12683
0.55000 0.19024
0.57500 0.21772
0.60000 0.31919
0.62500 0.42488
0.65000 0.44390
0.67500 0.50732
0.70000 0.55382
0.72500 0.72716
0.75000 0.74830
0.77500 0.93643
0.80000 1.09285
0.82500 1.17529
0.85000 1.23870
0.87500 1.31480
0.90000 1.41838
0.92500 1.63822
0.95000 1.73334
0.97500 1.59383
1.00000 1.65936
1.02500 1.78407
1.05000 1.67204
1.07500 1.69318
1.10000 1.56846
1.12500 1.64456
1.15000 1.48179
1.17500 1.44375
1.20000 1.30212
1.22500 1.12456
1.25000 1.08017
1.27500 0.92586
1.30000 0.92797
1.32500 0.73984
1.35000 0.65740
1.37500 0.63415
1.40000 0.48407
1.42500 0.38683
1.45000 0.37838
1.47500 0.27903
1.50000 0.22195
1.52500 0.20293
1.55000 0.20927
1.57500 0.16911
1.60000 0.15220
1.62500 0.09512
1.65000 0.10781
1.67500 0.10569
1.70000 0.07610
1.72500 0.04439
1.75000 0.04650
1.77500 0.03171
1.80000 0.04439
1.82500 0.02959
1.85000 0.03171
1.87500 0.03171
1.90000 0.01691
1.92500 0.02748
1.95000 0.01480
1.97500 0.01057
