-2.00000 0.00000
-1.98000 0.00000
-1.96000 0.00000
-1.94000 0.00000
-1.92000 0.00000
-1.90000 0.00000
-1.88000 0.00000
-1.86000 0.00000
-1.84000 0.00000
-1.82000 0.00000
-1.80000 0.00000
-1.78000 0.00000
-1.76000 0.00000
-1.74000 0.00000
-1.72000 0.00000
-1.70000 0.00000
-1.68000 0.00000
-1.66000 0.00000
-1.64000 0.00146
-1.62000 0.00000
-1.60000 0.00000
-1.58000 0.00000
-1.56000 0.00000
-1.54000 0.00000
-1.52000 0.00000
-1.50000 0.00000
-1.48000 0.00000
-1.46000 0.00000
-1.44000 0.00000
-1.42000 0.00000
-1.40000 0.00000
-1.38000 0.00000
-1.36000 0.00000
-1.34000 0.00000
-1.32000 0.00000
-1.30000 0.00000
-1.28000 0.00000
-1.26000 0.00000
-1.24000 0.00000
-1.22000 0.00000
-1.20000 0.00000
-1.18000 0.00000
-1.16000 0.00146
-1.14000 0.00146
-1.12000 0.00146
-1.10000 0.00000
-1.08000 0.00000
-1.06000 0.00291
-1.04000 0.00000
-1.02000 0.00291
-1.00000 0.00291
-0.98000 0.00146
-0.96000 0.00000
-0.94000 0.00000
-0.92000 0.00437
-0.90000 0.00437
-0.88000 0.00728
-0.86000 0.01165
-0.84000 0.01165
-0.82000 0.00437
-0.80000 0.00583
-0.78000 0.01019
-0.76000 0.01456
-0.74000 0.02039
-0.72000 0.02330
-0.70000 0.02767
-0.68000 0.02184
-0.66000 0.02476
-0.64000 0.03349
-0.62000 0.04223
-0.60000 0.04514
-0.58000 0.05534
-0.56000 0.06116
-0.54000 0.07718
-0.52000 0.10922
-0.50000 0.11942
-0.48000 0.11796
-0.46000 0.15437
-0.44000 0.14708
-0.42000 0.20679
-0.40000 0.20534
-0.38000 0.27815
-0.36000 0.29271
-0.34000 0.35825
-0.32000 0.45873
-0.30000 0.45727
-0.28000 0.62620
-0.26000 0.69173
-0.24000 0.87231
-0.22000 0.96552
-0.20000 1.09512
-0.18000 1.24949
-0.16000 1.43589
-0.14000 1.58735
-0.12000 1.81016
-0.10000 1.97909
-0.08000 2.02715
-0.06000 2.19607
-0.04000 2.31549
-0.02000 2.44947
0.00000 3.11208
0.02000 2.35481
0.04000 2.20190
0.06000 2.10870
0.08000 1.92521
0.10000 1.88297
0.12000 1.57861
0.14000 1.51016
0.16000 1.24221
0.18000 1.04707
0.20000 0.92620
0.22000 0.88542
0.24000 0.71358
0.26000 0.56649
0.28000 0.46747
0.30000 0.42815
0.32000 0.33640
0.34000 0.28543
0.36000 0.25631
0.38000 0.23737
0.40000 0.16747
0.42000 0.15437
0.44000 0.13252
0.46000 0.09466
0.48000 0.12378
0.50000 0.05825
0.52000 0.05825
0.54000 0.04514
0.56000 0.05971
0.58000 0.02184
0.60000 0.03495
0.62000 0.03641
0.64000 0.02621
0.66000 0.02621
0.68000 0.02330
0.70000 0.01602
0.72000 0.01748
0.74000 0.01311
0.76000 0.00583
0.78000 0.00437
0.80000 0.00874
0.82000 0.00583
0.84000 0.01748
0.86000 0.00437
0.88000 0.00728
0.90000 0.00728
0.92000 0.00291
0.94000 0.00291
0.96000 0.00291
0.98000 0.00583
1.00000 0.00291
1.02000 0.00146
1.04000 0.00437
1.06000 0.00291
1.08000 0.00291
1.10000 0.00000
1.12000 0.00000
1.14000 0.00000
1.16000 0.00000
1.18000 0.00000
1.20000 0.00146
1.22000 0.00000
1.24000 0.00000
1.26000 0.00000
1.28000 0.00000
1.30000 0.00000
1.32000 0.00000
1.34000 0.00000
1.36000 0.00146
1.38000 0.00000
1.40000 0.00000
1.42000 0.00000
1.44000 0.00000
1.46000 0.00000
1.48000 0.00000
1.50000 0.00000
1.52000 0.00000
1.54000 0.00000
1.56000 0.00000
1.58000 0.00000
1.60000 0.00000
1.62000 0.00000
1.64000 0.00000
1.66000 0.00000
1.68000 0.00000
1.70000 0.00000
1.72000 0.00000
1.74000 0.00146
1.76000 0.00000
1.78000 0.00000
1.80000 0.00000
1.82000 0.00000
1.84000 0.00000
1.86000 0.00000
1.88000 0.00000
1.90000 0.00000
1.92000 0.00000
1.94000 0.00000
1.96000 0.00000
1.98000 0.00000
