0.00000 0.00000
25.00000 0.00000
50.00000 0.00000
75.00000 0.00000
100.00000 0.00000
125.00000 0.00000
150.00000 0.00000
175.00000 0.00000
200.00000 0.00000
225.00000 0.00000
250.00000 0.00000
275.00000 0.00000
300.00000 0.00000
325.00000 0.00001
350.00000 0.00000
375.00000 0.00000
400.00000 0.00001
425.00000 0.00002
450.00000 0.00008
475.00000 0.00022
500.00000 0.00057
525.00000 0.00102
550.00000 0.00145
575.00000 0.00175
600.00000 0.00198
625.00000 0.00207
650.00000 0.00206
675.00000 0.00208
700.00000 0.00197
725.00000 0.00202
750.00000 0.00192
775.00000 0.00177
800.00000 0.00176
825.00000 0.00155
850.00000 0.00150
875.00000 0.00133
900.00000 0.00124
925.00000 0.00106
950.00000 0.00097
975.00000 0.00095
1000.00000 0.00084
1025.00000 0.00077
1050.00000 0.00066
1075.00000 0.00057
1100.00000 0.00055
1125.00000 0.00052
1150.00000 0.00043
1175.00000 0.00038
1200.00000 0.00031
1225.00000 0.00030
1250.00000 0.00029
1275.00000 0.00027
1300.00000 0.00024
1325.00000 0.00025
1350.00000 0.00019
1375.00000 0.00021
1400.00000 0.00017
1425.00000 0.00018
1450.00000 0.00012
1475.00000 0.00010
1500.00000 0.00013
1525.00000 0.00009
1550.00000 0.00010
1575.00000 0.00010
1600.00000 0.00007
1625.00000 0.00007
1650.00000 0.00009
1675.00000 0.00008
1700.00000 0.00007
1725.00000 0.00006
1750.00000 0.00005
1775.00000 0.00005
1800.00000 0.00005
1825.00000 0.00005
1850.00000 0.00004
1875.00000 0.00004
1900.00000 0.00004
1925.00000 0.00003
1950.00000 0.00005
1975.00000 0.00003
