0.00000 0.00233
25.00000 0.00232
50.00000 0.00234
75.00000 0.00227
100.00000 0.00225
125.00000 0.00218
150.00000 0.00197
175.00000 0.00184
200.00000 0.00173
225.00000 0.00167
250.00000 0.00150
275.00000 0.00142
300.00000 0.00132
325.00000 0.00117
350.00000 0.00109
375.00000 0.00090
400.00000 0.00093
425.00000 0.00083
450.00000 0.00072
475.00000 0.00071
500.00000 0.00058
525.00000 0.00058
550.00000 0.00053
575.00000 0.00046
600.00000 0.00040
625.00000 0.00042
650.00000 0.00030
675.00000 0.00030
700.00000 0.00028
725.00000 0.00026
750.00000 0.00024
775.00000 0.00025
800.00000 0.00023
825.00000 0.00022
850.00000 0.00022
875.00000 0.00023
900.00000 0.00019
925.00000 0.00018
950.00000 0.00019
975.00000 0.00017
1000.00000 0.00013
1025.00000 0.00014
1050.00000 0.00014
1075.00000 0.00011
1100.00000 0.00011
1125.00000 0.00011
1150.00000 0.00009
1175.00000 0.00010
1200.00000 0.00009
1225.00000 0.00009
1250.00000 0.00011
1275.00000 0.00007
1300.00000 0.00007
1325.00000 0.00007
1350.00000 0.00007
1375.00000 0.00006
1400.00000 0.00007
1425.00000 0.00005
1450.00000 0.00005
1475.00000 0.00007
1500.00000 0.00005
1525.00000 0.00005
1550.00000 0.00003
1575.00000 0.00004
1600.00000 0.00003
1625.00000 0.00002
1650.00000 0.00003
1675.00000 0.00002
1700.00000 0.00002
1725.00000 0.00002
1750.00000 0.00002
1775.00000 0.00002
1800.00000 0.00002
1825.00000 0.00001
1850.00000 0.00001
1875.00000 0.00001
1900.00000 0.00001
1925.00000 0.00000
1950.00000 0.00001
1975.00000 0.00000
