0.00000 0.00056
25.00000 0.00064
50.00000 0.00062
75.00000 0.00066
100.00000 0.00063
125.00000 0.00075
150.00000 0.00074
175.00000 0.00087
200.00000 0.00083
225.00000 0.00092
250.00000 0.00102
275.00000 0.00114
300.00000 0.00114
325.00000 0.00123
350.00000 0.00128
375.00000 0.00126
400.00000 0.00136
425.00000 0.00140
450.00000 0.00148
475.00000 0.00147
500.00000 0.00148
525.00000 0.00153
550.00000 0.00138
575.00000 0.00136
600.00000 0.00134
625.00000 0.00120
650.00000 0.00114
675.00000 0.00106
700.00000 0.00095
725.00000 0.00087
750.00000 0.00077
775.00000 0.00070
800.00000 0.00064
825.00000 0.00053
850.00000 0.00051
875.00000 0.00047
900.00000 0.00038
925.00000 0.00036
950.00000 0.00029
975.00000 0.00025
1000.00000 0.00027
1025.00000 0.00019
1050.00000 0.00020
1075.00000 0.00016
1100.00000 0.00016
1125.00000 0.00013
1150.00000 0.00014
1175.00000 0.00012
1200.00000 0.00011
1225.00000 0.00010
1250.00000 0.00010
1275.00000 0.00007
1300.00000 0.00008
1325.00000 0.00010
1350.00000 0.00007
1375.00000 0.00006
1400.00000 0.00006
1425.00000 0.00006
1450.00000 0.00006
1475.00000 0.00006
1500.00000 0.00005
1525.00000 0.00004
1550.00000 0.00005
1575.00000 0.00005
1600.00000 0.00003
1625.00000 0.00003
1650.00000 0.00003
1675.00000 0.00001
1700.00000 0.00003
1725.00000 0.00002
1750.00000 0.00002
1775.00000 0.00001
1800.00000 0.00001
1825.00000 0.00004
1850.00000 0.00002
1875.00000 0.00001
1900.00000 0.00001
1925.00000 0.00001
1950.00000 0.00001
1975.00000 0.00001
