0.00000 0.00829
7.50000 0.00809
15.00000 0.00763
22.50000 0.00804
30.00000 0.00755
37.50000 0.00713
45.00000 0.00694
52.50000 0.00634
60.00000 0.00625
67.50000 0.00603
75.00000 0.00579
82.50000 0.00524
90.00000 0.00481
97.50000 0.00450
105.00000 0.00444
112.50000 0.00376
120.00000 0.00363
127.50000 0.00313
135.00000 0.00299
142.50000 0.00251
150.00000 0.00231
157.50000 0.00213
165.00000 0.00194
172.50000 0.00157
180.00000 0.00135
187.50000 0.00114
195.00000 0.00123
202.50000 0.00108
210.00000 0.00094
217.50000 0.00078
225.00000 0.00067
232.50000 0.00068
240.00000 0.00055
247.50000 0.00047
255.00000 0.00040
262.50000 0.00034
270.00000 0.00030
277.50000 0.00025
285.00000 0.00024
292.50000 0.00021
300.00000 0.00016
307.50000 0.00016
315.00000 0.00015
322.50000 0.00015
330.00000 0.00011
337.50000 0.00011
345.00000 0.00009
352.50000 0.00007
360.00000 0.00006
367.50000 0.00007
375.00000 0.00003
382.50000 0.00005
390.00000 0.00005
397.50000 0.00004
405.00000 0.00002
412.50000 0.00001
420.00000 0.00002
427.50000 0.00002
435.00000 0.00003
442.50000 0.00002
450.00000 0.00001
457.50000 0.00001
465.00000 0.00002
472.50000 0.00001
480.00000 0.00002
487.50000 0.00001
495.00000 0.00000
502.50000 0.00000
510.00000 0.00001
517.50000 0.00002
525.00000 0.00000
532.50000 0.00001
540.00000 0.00001
547.50000 0.00001
555.00000 0.00000
562.50000 0.00001
570.00000 0.00001
577.50000 0.00000
585.00000 0.00000
592.50000 0.00001
600.00000 0.00001
607.50000 0.00001
615.00000 0.00002
622.50000 0.00000
630.00000 0.00000
637.50000 0.00000
645.00000 0.00000
652.50000 0.00001
660.00000 0.00000
667.50000 0.00000
675.00000 0.00000
682.50000 0.00000
690.00000 0.00000
697.50000 0.00000
705.00000 0.00000
712.50000 0.00000
720.00000 0.00000
727.50000 0.00000
735.00000 0.00001
742.50000 0.00000
750.00000 0.00000
757.50000 0.00000
765.00000 0.00000
772.50000 0.00000
780.00000 0.00000
787.50000 0.00000
795.00000 0.00000
802.50000 0.00000
810.00000 0.00000
817.50000 0.00000
825.00000 0.00000
832.50000 0.00000
840.00000 0.00000
847.50000 0.00000
855.00000 0.00000
862.50000 0.00000
870.00000 0.00000
877.50000 0.00000
885.00000 0.00000
892.50000 0.00000
900.00000 0.00000
907.50000 0.00000
915.00000 0.00000
922.50000 0.00000
930.00000 0.00000
937.50000 0.00000
945.00000 0.00000
952.50000 0.00000
960.00000 0.00000
967.50000 0.00000
975.00000 0.00000
982.50000 0.00000
990.00000 0.00000
997.50000 0.00000
1005.00000 0.00000
1012.50000 0.00000
1020.00000 0.00000
1027.50000 0.00000
1035.00000 0.00000
1042.50000 0.00000
1050.00000 0.00000
1057.50000 0.00000
1065.00000 0.00000
1072.50000 0.00000
1080.00000 0.00000
1087.50000 0.00000
1095.00000 0.00000
1102.50000 0.00000
1110.00000 0.00000
1117.50000 0.00000
