500.00000 0.00000
507.50000 0.00000
515.00000 0.00000
522.50000 0.00000
530.00000 0.00000
537.50000 0.00000
545.00000 0.00000
552.50000 0.00000
560.00000 0.00000
567.50000 0.00000
575.00000 0.00000
582.50000 0.00000
590.00000 0.00000
597.50000 0.00000
605.00000 0.00000
612.50000 0.00000
620.00000 0.00000
627.50000 0.00000
635.00000 0.00000
642.50000 0.00000
650.00000 0.00000
657.50000 0.00000
665.00000 0.00000
672.50000 0.00000
680.00000 0.00000
687.50000 0.00000
695.00000 0.00000
702.50000 0.00000
710.00000 0.00000
717.50000 0.00000
725.00000 0.00000
732.50000 0.00000
740.00000 0.00000
747.50000 0.00000
755.00000 0.00000
762.50000 0.00000
770.00000 0.00000
777.50000 0.00000
785.00000 0.00000
792.50000 0.00000
800.00000 0.00000
807.50000 0.00000
815.00000 0.00000
822.50000 0.00000
830.00000 0.00000
837.50000 0.00000
845.00000 0.00000
852.50000 0.00000
860.00000 0.00000
867.50000 0.00000
875.00000 0.00000
882.50000 0.00000
890.00000 0.00000
897.50000 0.00000
905.00000 0.00000
912.50000 0.00000
920.00000 0.00000
927.50000 0.00000
935.00000 0.00000
942.50000 0.00000
950.00000 0.00000
957.50000 0.00000
965.00000 0.00000
972.50000 0.00000
980.00000 0.00000
987.50000 0.00000
995.00000 0.00002
1002.50000 0.00002
1010.00000 0.00001
1017.50000 0.00003
1025.00000 0.00003
1032.50000 0.00005
1040.00000 0.00004
1047.50000 0.00007
1055.00000 0.00004
1062.50000 0.00006
1070.00000 0.00007
1077.50000 0.00005
1085.00000 0.00006
1092.50000 0.00005
1100.00000 0.00006
1107.50000 0.00006
1115.00000 0.00009
1122.50000 0.00008
1130.00000 0.00005
1137.50000 0.00004
1145.00000 0.00011
1152.50000 0.00012
1160.00000 0.00008
1167.50000 0.00011
1175.00000 0.00010
1182.50000 0.00010
1190.00000 0.00010
1197.50000 0.00011
1205.00000 0.00009
1212.50000 0.00013
1220.00000 0.00012
1227.50000 0.00017
1235.00000 0.00016
1242.50000 0.00018
1250.00000 0.00024
1257.50000 0.00014
1265.00000 0.00022
1272.50000 0.00024
1280.00000 0.00023
1287.50000 0.00023
1295.00000 0.00025
1302.50000 0.00037
1310.00000 0.00037
1317.50000 0.00038
1325.00000 0.00036
1332.50000 0.00048
1340.00000 0.00039
1347.50000 0.00039
1355.00000 0.00044
1362.50000 0.00040
1370.00000 0.00050
1377.50000 0.00052
1385.00000 0.00056
1392.50000 0.00050
1400.00000 0.00061
1407.50000 0.00055
1415.00000 0.00068
1422.50000 0.00064
1430.00000 0.00074
1437.50000 0.00065
1445.00000 0.00094
1452.50000 0.00082
1460.00000 0.00107
1467.50000 0.00101
1475.00000 0.00109
1482.50000 0.00106
1490.00000 0.00124
1497.50000 0.00118
1505.00000 0.00118
1512.50000 0.00133
1520.00000 0.00151
1527.50000 0.00152
1535.00000 0.00168
1542.50000 0.00176
1550.00000 0.00184
1557.50000 0.00198
1565.00000 0.00235
1572.50000 0.00233
1580.00000 0.00259
1587.50000 0.00276
1595.00000 0.00273
1602.50000 0.00315
1610.00000 0.00343
1617.50000 0.00351
1625.00000 0.00360
1632.50000 0.00373
1640.00000 0.00369
1647.50000 0.00372
1655.00000 0.00419
1662.50000 0.00407
1670.00000 0.00395
1677.50000 0.00391
1685.00000 0.00396
1692.50000 0.00421
1700.00000 0.00363
1707.50000 0.00330
1715.00000 0.00344
1722.50000 0.00308
1730.00000 0.00277
1737.50000 0.00256
1745.00000 0.00247
1752.50000 0.00213
1760.00000 0.00181
1767.50000 0.00166
1775.00000 0.00155
1782.50000 0.00123
1790.00000 0.00109
1797.50000 0.00091
1805.00000 0.00070
1812.50000 0.00060
1820.00000 0.00058
1827.50000 0.00047
1835.00000 0.00037
1842.50000 0.00034
1850.00000 0.00030
1857.50000 0.00025
1865.00000 0.00018
1872.50000 0.00015
1880.00000 0.00013
1887.50000 0.00014
1895.00000 0.00014
1902.50000 0.00009
1910.00000 0.00007
1917.50000 0.00007
1925.00000 0.00005
1932.50000 0.00006
1940.00000 0.00003
1947.50000 0.00002
1955.00000 0.00003
1962.50000 0.00003
1970.00000 0.00001
1977.50000 0.00002
1985.00000 0.00000
1992.50000 0.00001
2000.00000 0.00001
2007.50000 0.00002
2015.00000 0.00000
2022.50000 0.00000
2030.00000 0.00000
2037.50000 0.00000
2045.00000 0.00000
2052.50000 0.00000
2060.00000 0.00000
2067.50000 0.00000
2075.00000 0.00000
2082.50000 0.00000
2090.00000 0.00000
2097.50000 0.00000
