0.00000 0.56269
0.00833 1.58322
0.01667 2.58279
0.02500 3.33071
0.03333 4.20795
0.04167 4.48405
0.05000 5.23897
0.05833 5.48362
0.06667 5.56051
0.07500 5.89952
0.08333 5.72827
0.09167 5.59196
0.10000 5.49061
0.10833 5.49410
0.11667 4.88598
0.12500 4.58541
0.13333 4.24989
0.14167 4.20446
0.15000 3.61031
0.15833 3.22936
0.16667 3.30275
0.17500 2.76453
0.18333 2.51638
0.19167 2.46046
0.20000 2.13543
0.20833 1.89777
0.21667 1.61817
0.22500 1.54827
0.23333 1.40848
0.24167 1.24771
0.25000 1.21276
0.25833 1.14985
0.26667 0.98908
0.27500 0.78986
0.28333 0.75841
0.29167 0.66055
0.30000 0.72696
0.30833 0.65007
0.31667 0.58366
0.32500 0.54522
0.33333 0.50677
0.34167 0.38445
0.35000 0.42289
0.35833 0.43687
0.36667 0.35649
0.37500 0.29707
0.38333 0.28659
0.39167 0.26911
0.40000 0.27261
0.40833 0.29358
0.41667 0.20620
0.42500 0.22368
0.43333 0.16426
0.44167 0.19222
0.45000 0.15378
0.45833 0.13630
0.46667 0.09436
0.47500 0.13980
0.48333 0.10135
0.49167 0.09087
