-3.14159 0.02865
-3.03687 0.02739
-2.93215 0.03212
-2.82743 0.04158
-2.72271 0.05521
-2.61799 0.07328
-2.51327 0.08663
-2.40855 0.11570
-2.30383 0.14156
-2.19911 0.18871
-2.09440 0.24238
-1.98968 0.30204
-1.88496 0.36072
-1.78024 0.42288
-1.67552 0.42372
-1.57080 0.43067
-1.46608 0.38881
-1.36136 0.33472
-1.25664 0.26199
-1.15192 0.20358
-1.04720 0.14615
-0.94248 0.11417
-0.83776 0.08663
-0.73304 0.06216
-0.62832 0.05298
-0.52360 0.03963
-0.41888 0.03463
-0.31416 0.03407
-0.20944 0.02489
-0.10472 0.02726
0.00000 0.02753
0.10472 0.02962
0.20944 0.03796
0.31416 0.04436
0.41888 0.05243
0.52360 0.07148
0.62832 0.09136
0.73304 0.10708
0.83776 0.14129
0.94248 0.18801
1.04720 0.24099
1.15192 0.29258
1.25664 0.35600
1.36136 0.39632
1.46608 0.42692
1.57080 0.42302
1.67552 0.39591
1.78024 0.35043
1.88496 0.27631
1.98968 0.21471
2.09440 0.15464
2.19911 0.11097
2.30383 0.08149
2.40855 0.06160
2.51327 0.05090
2.61799 0.03657
2.72271 0.03212
2.82743 0.02503
2.93215 0.02225
3.03687 0.02447
