-3.14159 0.00000
-3.08923 0.00000
-3.03687 0.00000
-2.98451 0.00000
-2.93215 0.00000
-2.87979 0.00000
-2.82743 0.00000
-2.77507 0.00000
-2.72271 0.00000
-2.67035 0.00000
-2.61799 0.00000
-2.56563 0.00000
-2.51327 0.00000
-2.46091 0.00000
-2.40855 0.00000
-2.35619 0.00000
-2.30383 0.00000
-2.25147 0.00000
-2.19911 0.00000
-2.14675 0.00000
-2.09440 0.00000
-2.04204 0.00000
-1.98968 0.00000
-1.93732 0.00000
-1.88496 0.00000
-1.83260 0.00000
-1.78024 0.00000
-1.72788 0.00056
-1.67552 0.00000
-1.62316 0.00056
-1.57080 0.00111
-1.51844 0.00167
-1.46608 0.00056
-1.41372 0.00056
-1.36136 0.00056
-1.30900 0.00056
-1.25664 0.00000
-1.20428 0.00111
-1.15192 0.00222
-1.09956 0.00389
-1.04720 0.00334
-0.99484 0.00278
-0.94248 0.00445
-0.89012 0.00723
-0.83776 0.01502
-0.78540 0.01279
-0.73304 0.02281
-0.68068 0.02892
-0.62832 0.05062
-0.57596 0.06007
-0.52360 0.08344
-0.47124 0.10457
-0.41888 0.16465
-0.36652 0.26588
-0.31416 0.43776
-0.26180 0.69030
-0.20944 1.08857
-0.15708 1.61422
-0.10472 2.17769
-0.05236 2.67608
-0.00000 2.67608
0.05236 2.16434
0.10472 1.62590
0.15708 1.14753
0.20944 0.69697
0.26180 0.44166
0.31416 0.25198
0.36652 0.17800
0.41888 0.11625
0.47124 0.08622
0.52360 0.05117
0.57596 0.03949
0.62832 0.02781
0.68068 0.01947
0.73304 0.00890
0.78540 0.01224
0.83776 0.00612
0.89012 0.00334
0.94248 0.00501
0.99484 0.00501
1.04720 0.00334
1.09956 0.00056
1.15192 0.00111
1.20428 0.00111
1.25664 0.00111
1.30900 0.00000
1.36136 0.00167
1.41372 0.00000
1.46608 0.00056
1.51844 0.00000
1.57080 0.00000
1.62316 0.00000
1.67552 0.00000
1.72788 0.00056
1.78024 0.00000
1.83260 0.00000
1.88496 0.00000
1.93732 0.00000
1.98968 0.00000
2.04204 0.00056
2.09440 0.00000
2.14675 0.00000
2.19911 0.00000
2.25147 0.00000
2.30383 0.00000
2.35619 0.00000
2.40855 0.00000
2.46091 0.00000
2.51327 0.00000
2.56563 0.00000
2.61799 0.00000
2.67035 0.00000
2.72271 0.00000
2.77507 0.00000
2.82743 0.00000
2.87979 0.00000
2.93215 0.00000
2.98451 0.00000
3.03687 0.00000
3.08923 0.00000
