0.00000 0.00000
0.02500 0.00000
0.05000 0.00000
0.07500 0.00000
0.10000 0.00000
0.12500 0.00000
0.15000 0.00000
0.17500 0.00000
0.20000 0.00000
0.22500 0.00000
0.25000 0.00122
0.27500 0.00000
0.30000 0.00000
0.32500 0.00122
0.35000 0.00122
0.37500 0.00122
0.40000 0.00244
0.42500 0.00244
0.45000 0.00244
0.47500 0.00122
0.50000 0.01828
0.52500 0.03290
0.55000 0.04264
0.57500 0.05848
0.60000 0.07554
0.62500 0.08529
0.65000 0.10113
0.67500 0.13281
0.70000 0.18520
0.72500 0.17789
0.75000 0.22784
0.77500 0.30338
0.80000 0.35212
0.82500 0.40694
0.85000 0.46055
0.87500 0.56046
0.90000 0.68108
0.92500 0.86384
0.95000 0.92842
0.97500 1.10631
1.00000 1.20134
1.02500 1.30125
1.05000 1.39872
1.07500 1.58514
1.10000 1.62900
1.12500 1.71916
1.15000 1.69357
1.17500 1.79714
1.20000 1.77521
1.22500 1.82394
1.25000 1.62534
1.27500 1.66189
1.30000 1.55102
1.32500 1.43893
1.35000 1.32927
1.37500 1.20378
1.40000 1.08437
1.42500 1.00274
1.45000 0.89065
1.47500 0.79318
1.50000 0.71154
1.52500 0.53122
1.55000 0.51904
1.57500 0.43497
1.60000 0.37283
1.62500 0.35334
1.65000 0.30947
1.67500 0.24855
1.70000 0.19982
1.72500 0.17545
1.75000 0.15595
1.77500 0.14986
1.80000 0.13281
1.82500 0.07310
1.85000 0.07432
1.87500 0.07189
1.90000 0.05726
1.92500 0.04874
1.95000 0.03655
1.97500 0.02315
