-2.00000 0.00000
-1.98000 0.00000
-1.96000 0.00000
-1.94000 0.00000
-1.92000 0.00000
-1.90000 0.00000
-1.88000 0.00000
-1.86000 0.00000
-1.84000 0.00000
-1.82000 0.00000
-1.80000 0.00000
-1.78000 0.00000
-1.76000 0.00000
-1.74000 0.00000
-1.72000 0.00000
-1.70000 0.00000
-1.68000 0.00000
-1.66000 0.00000
-1.64000 0.00000
-1.62000 0.00000
-1.60000 0.00000
-1.58000 0.00000
-1.56000 0.00000
-1.54000 0.00000
-1.52000 0.00000
-1.50000 0.00000
-1.48000 0.00000
-1.46000 0.00000
-1.44000 0.00000
-1.42000 0.00000
-1.40000 0.00000
-1.38000 0.00000
-1.36000 0.00000
-1.34000 0.00000
-1.32000 0.00000
-1.30000 0.00000
-1.28000 0.00000
-1.26000 0.00000
-1.24000 0.00000
-1.22000 0.00000
-1.20000 0.00000
-1.18000 0.00000
-1.16000 0.00000
-1.14000 0.00000
-1.12000 0.00000
-1.10000 0.00000
-1.08000 0.00000
-1.06000 0.00181
-1.04000 0.00000
-1.02000 0.00000
-1.00000 0.00000
-0.98000 0.00000
-0.96000 0.00000
-0.94000 0.00000
-0.92000 0.00543
-0.90000 0.00181
-0.88000 0.00362
-0.86000 0.00181
-0.84000 0.00906
-0.82000 0.00725
-0.80000 0.00362
-0.78000 0.00725
-0.76000 0.01268
-0.74000 0.01992
-0.72000 0.00181
-0.70000 0.02355
-0.68000 0.02355
-0.66000 0.02355
-0.64000 0.01811
-0.62000 0.03079
-0.60000 0.03079
-0.58000 0.05072
-0.56000 0.05434
-0.54000 0.07064
-0.52000 0.05615
-0.50000 0.08694
-0.48000 0.10324
-0.46000 0.10324
-0.44000 0.13403
-0.42000 0.13584
-0.40000 0.18475
-0.38000 0.18656
-0.36000 0.23365
-0.34000 0.30792
-0.32000 0.37131
-0.30000 0.44557
-0.28000 0.51802
-0.26000 0.59410
-0.24000 0.70096
-0.22000 0.86397
-0.20000 1.03242
-0.18000 1.21898
-0.16000 1.37656
-0.14000 1.66636
-0.12000 1.88734
-0.10000 2.06847
-0.08000 2.41804
-0.06000 2.47057
-0.04000 2.54302
-0.02000 2.66618
0.00000 3.23130
0.02000 2.62452
0.04000 2.46513
0.06000 2.25140
0.08000 2.22967
0.10000 1.87647
0.12000 1.59029
0.14000 1.49248
0.16000 1.26245
0.18000 1.03242
0.20000 0.80239
0.22000 0.69009
0.24000 0.61583
0.26000 0.47999
0.28000 0.38580
0.30000 0.36950
0.32000 0.29161
0.34000 0.22822
0.36000 0.17207
0.38000 0.15577
0.40000 0.13041
0.42000 0.12860
0.44000 0.10686
0.46000 0.09419
0.48000 0.06158
0.50000 0.05434
0.52000 0.05615
0.54000 0.05977
0.56000 0.04166
0.58000 0.03804
0.60000 0.02355
0.62000 0.01449
0.64000 0.01811
0.66000 0.02355
0.68000 0.01630
0.70000 0.01268
0.72000 0.00906
0.74000 0.01811
0.76000 0.00543
0.78000 0.00543
0.80000 0.00543
0.82000 0.00181
0.84000 0.00362
0.86000 0.00362
0.88000 0.00725
0.90000 0.01087
0.92000 0.00725
0.94000 0.00000
0.96000 0.00543
0.98000 0.00000
1.00000 0.00000
1.02000 0.00362
1.04000 0.00362
1.06000 0.00181
1.08000 0.00000
1.10000 0.00181
1.12000 0.00000
1.14000 0.00000
1.16000 0.00000
1.18000 0.00000
1.20000 0.00000
1.22000 0.00000
1.24000 0.00000
1.26000 0.00000
1.28000 0.00000
1.30000 0.00181
1.32000 0.00000
1.34000 0.00000
1.36000 0.00000
1.38000 0.00000
1.40000 0.00000
1.42000 0.00000
1.44000 0.00000
1.46000 0.00000
1.48000 0.00000
1.50000 0.00000
1.52000 0.00000
1.54000 0.00000
1.56000 0.00000
1.58000 0.00000
1.60000 0.00000
1.62000 0.00000
1.64000 0.00000
1.66000 0.00000
1.68000 0.00000
1.70000 0.00000
1.72000 0.00000
1.74000 0.00000
1.76000 0.00000
1.78000 0.00000
1.80000 0.00000
1.82000 0.00000
1.84000 0.00000
1.86000 0.00000
1.88000 0.00000
1.90000 0.00000
1.92000 0.00000
1.94000 0.00000
1.96000 0.00000
1.98000 0.00000
