0.00000 0.00463
7.50000 0.00446
15.00000 0.00447
22.50000 0.00477
30.00000 0.00483
37.50000 0.00456
45.00000 0.00470
52.50000 0.00452
60.00000 0.00491
67.50000 0.00464
75.00000 0.00487
82.50000 0.00454
90.00000 0.00478
97.50000 0.00432
105.00000 0.00471
112.50000 0.00442
120.00000 0.00431
127.50000 0.00431
135.00000 0.00423
142.50000 0.00422
150.00000 0.00404
157.50000 0.00354
165.00000 0.00340
172.50000 0.00317
180.00000 0.00305
187.50000 0.00257
195.00000 0.00239
202.50000 0.00204
210.00000 0.00187
217.50000 0.00187
225.00000 0.00151
232.50000 0.00157
240.00000 0.00116
247.50000 0.00113
255.00000 0.00110
262.50000 0.00090
270.00000 0.00078
277.50000 0.00061
285.00000 0.00063
292.50000 0.00064
300.00000 0.00049
307.50000 0.00048
315.00000 0.00042
322.50000 0.00034
330.00000 0.00033
337.50000 0.00028
345.00000 0.00026
352.50000 0.00021
360.00000 0.00019
367.50000 0.00016
375.00000 0.00011
382.50000 0.00011
390.00000 0.00013
397.50000 0.00009
405.00000 0.00008
412.50000 0.00006
420.00000 0.00004
427.50000 0.00008
435.00000 0.00003
442.50000 0.00004
450.00000 0.00001
457.50000 0.00002
465.00000 0.00003
472.50000 0.00003
480.00000 0.00001
487.50000 0.00001
495.00000 0.00001
502.50000 0.00001
510.00000 0.00001
517.50000 0.00001
525.00000 0.00000
532.50000 0.00002
540.00000 0.00000
547.50000 0.00001
555.00000 0.00000
562.50000 0.00002
570.00000 0.00002
577.50000 0.00001
585.00000 0.00002
592.50000 0.00001
600.00000 0.00001
607.50000 0.00002
615.00000 0.00000
622.50000 0.00000
630.00000 0.00000
637.50000 0.00001
645.00000 0.00000
652.50000 0.00000
660.00000 0.00000
667.50000 0.00000
675.00000 0.00000
682.50000 0.00001
690.00000 0.00000
697.50000 0.00000
705.00000 0.00000
712.50000 0.00000
720.00000 0.00001
727.50000 0.00000
735.00000 0.00000
742.50000 0.00000
750.00000 0.00000
757.50000 0.00000
765.00000 0.00001
772.50000 0.00000
780.00000 0.00000
787.50000 0.00000
795.00000 0.00000
802.50000 0.00000
810.00000 0.00000
817.50000 0.00000
825.00000 0.00000
832.50000 0.00000
840.00000 0.00000
847.50000 0.00000
855.00000 0.00000
862.50000 0.00000
870.00000 0.00000
877.50000 0.00000
885.00000 0.00000
892.50000 0.00000
900.00000 0.00001
907.50000 0.00000
915.00000 0.00000
922.50000 0.00001
930.00000 0.00000
937.50000 0.00000
945.00000 0.00001
952.50000 0.00000
960.00000 0.00000
967.50000 0.00000
975.00000 0.00000
982.50000 0.00000
990.00000 0.00000
997.50000 0.00000
1005.00000 0.00000
1012.50000 0.00000
1020.00000 0.00000
1027.50000 0.00000
1035.00000 0.00000
1042.50000 0.00000
1050.00000 0.00000
1057.50000 0.00000
1065.00000 0.00000
1072.50000 0.00000
1080.00000 0.00000
1087.50000 0.00000
1095.00000 0.00000
1102.50000 0.00000
1110.00000 0.00000
1117.50000 0.00000
