0.00000 0.00215
25.00000 0.00212
50.00000 0.00209
75.00000 0.00211
100.00000 0.00191
125.00000 0.00193
150.00000 0.00193
175.00000 0.00175
200.00000 0.00173
225.00000 0.00153
250.00000 0.00145
275.00000 0.00132
300.00000 0.00120
325.00000 0.00112
350.00000 0.00104
375.00000 0.00098
400.00000 0.00092
425.00000 0.00077
450.00000 0.00076
475.00000 0.00070
500.00000 0.00063
525.00000 0.00057
550.00000 0.00055
575.00000 0.00044
600.00000 0.00046
625.00000 0.00042
650.00000 0.00040
675.00000 0.00034
700.00000 0.00034
725.00000 0.00035
750.00000 0.00032
775.00000 0.00028
800.00000 0.00031
825.00000 0.00030
850.00000 0.00023
875.00000 0.00023
900.00000 0.00022
925.00000 0.00022
950.00000 0.00021
975.00000 0.00022
1000.00000 0.00021
1025.00000 0.00023
1050.00000 0.00017
1075.00000 0.00014
1100.00000 0.00019
1125.00000 0.00018
1150.00000 0.00017
1175.00000 0.00016
1200.00000 0.00013
1225.00000 0.00013
1250.00000 0.00012
1275.00000 0.00011
1300.00000 0.00010
1325.00000 0.00009
1350.00000 0.00010
1375.00000 0.00010
1400.00000 0.00010
1425.00000 0.00008
1450.00000 0.00005
1475.00000 0.00007
1500.00000 0.00007
1525.00000 0.00006
1550.00000 0.00006
1575.00000 0.00005
1600.00000 0.00005
1625.00000 0.00006
1650.00000 0.00005
1675.00000 0.00005
1700.00000 0.00006
1725.00000 0.00004
1750.00000 0.00005
1775.00000 0.00004
1800.00000 0.00004
1825.00000 0.00003
1850.00000 0.00002
1875.00000 0.00004
1900.00000 0.00003
1925.00000 0.00002
1950.00000 0.00002
1975.00000 0.00001
