0.00000 0.00000
25.00000 0.00000
50.00000 0.00000
75.00000 0.00000
100.00000 0.00000
125.00000 0.00000
150.00000 0.00000
175.00000 0.00000
200.00000 0.00001
225.00000 0.00000
250.00000 0.00000
275.00000 0.00000
300.00000 0.00001
325.00000 0.00000
350.00000 0.00001
375.00000 0.00002
400.00000 0.00001
425.00000 0.00005
450.00000 0.00017
475.00000 0.00088
500.00000 0.00194
525.00000 0.00257
550.00000 0.00265
575.00000 0.00255
600.00000 0.00245
625.00000 0.00221
650.00000 0.00193
675.00000 0.00190
700.00000 0.00176
725.00000 0.00161
750.00000 0.00141
775.00000 0.00132
800.00000 0.00113
825.00000 0.00112
850.00000 0.00094
875.00000 0.00088
900.00000 0.00082
925.00000 0.00077
950.00000 0.00071
975.00000 0.00055
1000.00000 0.00057
1025.00000 0.00052
1050.00000 0.00052
1075.00000 0.00038
1100.00000 0.00045
1125.00000 0.00039
1150.00000 0.00041
1175.00000 0.00035
1200.00000 0.00031
1225.00000 0.00030
1250.00000 0.00024
1275.00000 0.00025
1300.00000 0.00022
1325.00000 0.00021
1350.00000 0.00019
1375.00000 0.00018
1400.00000 0.00017
1425.00000 0.00015
1450.00000 0.00012
1475.00000 0.00013
1500.00000 0.00012
1525.00000 0.00012
1550.00000 0.00010
1575.00000 0.00008
1600.00000 0.00009
1625.00000 0.00010
1650.00000 0.00010
1675.00000 0.00008
1700.00000 0.00006
1725.00000 0.00009
1750.00000 0.00008
1775.00000 0.00007
1800.00000 0.00007
1825.00000 0.00005
1850.00000 0.00006
1875.00000 0.00005
1900.00000 0.00006
1925.00000 0.00005
1950.00000 0.00006
1975.00000 0.00005
