0.00000 0.00076
25.00000 0.00073
50.00000 0.00073
75.00000 0.00077
100.00000 0.00086
125.00000 0.00083
150.00000 0.00083
175.00000 0.00101
200.00000 0.00105
225.00000 0.00107
250.00000 0.00117
275.00000 0.00138
300.00000 0.00130
325.00000 0.00128
350.00000 0.00134
375.00000 0.00144
400.00000 0.00143
425.00000 0.00150
450.00000 0.00148
475.00000 0.00150
500.00000 0.00145
525.00000 0.00146
550.00000 0.00124
575.00000 0.00116
600.00000 0.00118
625.00000 0.00098
650.00000 0.00096
675.00000 0.00077
700.00000 0.00069
725.00000 0.00067
750.00000 0.00058
775.00000 0.00052
800.00000 0.00048
825.00000 0.00043
850.00000 0.00039
875.00000 0.00034
900.00000 0.00033
925.00000 0.00027
950.00000 0.00026
975.00000 0.00027
1000.00000 0.00022
1025.00000 0.00021
1050.00000 0.00020
1075.00000 0.00019
1100.00000 0.00016
1125.00000 0.00015
1150.00000 0.00015
1175.00000 0.00010
1200.00000 0.00014
1225.00000 0.00013
1250.00000 0.00011
1275.00000 0.00009
1300.00000 0.00011
1325.00000 0.00010
1350.00000 0.00009
1375.00000 0.00008
1400.00000 0.00007
1425.00000 0.00007
1450.00000 0.00004
1475.00000 0.00008
1500.00000 0.00007
1525.00000 0.00005
1550.00000 0.00005
1575.00000 0.00004
1600.00000 0.00003
1625.00000 0.00005
1650.00000 0.00005
1675.00000 0.00002
1700.00000 0.00003
1725.00000 0.00003
1750.00000 0.00002
1775.00000 0.00002
1800.00000 0.00002
1825.00000 0.00002
1850.00000 0.00001
1875.00000 0.00001
1900.00000 0.00001
1925.00000 0.00001
1950.00000 0.00001
1975.00000 0.00001
