500.00000 0.00000
507.50000 0.00000
515.00000 0.00000
522.50000 0.00000
530.00000 0.00000
537.50000 0.00000
545.00000 0.00000
552.50000 0.00000
560.00000 0.00000
567.50000 0.00000
575.00000 0.00000
582.50000 0.00000
590.00000 0.00000
597.50000 0.00000
605.00000 0.00000
612.50000 0.00000
620.00000 0.00000
627.50000 0.00000
635.00000 0.00000
642.50000 0.00000
650.00000 0.00000
657.50000 0.00000
665.00000 0.00000
672.50000 0.00000
680.00000 0.00000
687.50000 0.00000
695.00000 0.00000
702.50000 0.00000
710.00000 0.00000
717.50000 0.00000
725.00000 0.00000
732.50000 0.00000
740.00000 0.00000
747.50000 0.00000
755.00000 0.00000
762.50000 0.00000
770.00000 0.00000
777.50000 0.00000
785.00000 0.00000
792.50000 0.00000
800.00000 0.00000
807.50000 0.00000
815.00000 0.00000
822.50000 0.00000
830.00000 0.00000
837.50000 0.00000
845.00000 0.00000
852.50000 0.00000
860.00000 0.00000
867.50000 0.00000
875.00000 0.00000
882.50000 0.00000
890.00000 0.00000
897.50000 0.00000
905.00000 0.00000
912.50000 0.00000
920.00000 0.00000
927.50000 0.00000
935.00000 0.00000
942.50000 0.00000
950.00000 0.00000
957.50000 0.00000
965.00000 0.00000
972.50000 0.00000
980.00000 0.00000
987.50000 0.00000
995.00000 0.00000
1002.50000 0.00005
1010.00000 0.00004
1017.50000 0.00005
1025.00000 0.00004
1032.50000 0.00009
1040.00000 0.00007
1047.50000 0.00005
1055.00000 0.00009
1062.50000 0.00006
1070.00000 0.00007
1077.50000 0.00008
1085.00000 0.00012
1092.50000 0.00007
1100.00000 0.00011
1107.50000 0.00009
1115.00000 0.00008
1122.50000 0.00014
1130.00000 0.00011
1137.50000 0.00016
1145.00000 0.00016
1152.50000 0.00014
1160.00000 0.00020
1167.50000 0.00017
1175.00000 0.00020
1182.50000 0.00017
1190.00000 0.00021
1197.50000 0.00018
1205.00000 0.00024
1212.50000 0.00022
1220.00000 0.00022
1227.50000 0.00019
1235.00000 0.00029
1242.50000 0.00022
1250.00000 0.00030
1257.50000 0.00025
1265.00000 0.00035
1272.50000 0.00038
1280.00000 0.00046
1287.50000 0.00039
1295.00000 0.00044
1302.50000 0.00059
1310.00000 0.00055
1317.50000 0.00048
1325.00000 0.00051
1332.50000 0.00061
1340.00000 0.00067
1347.50000 0.00073
1355.00000 0.00068
1362.50000 0.00069
1370.00000 0.00078
1377.50000 0.00083
1385.00000 0.00081
1392.50000 0.00084
1400.00000 0.00101
1407.50000 0.00102
1415.00000 0.00106
1422.50000 0.00109
1430.00000 0.00123
1437.50000 0.00137
1445.00000 0.00140
1452.50000 0.00154
1460.00000 0.00154
1467.50000 0.00179
1475.00000 0.00202
1482.50000 0.00213
1490.00000 0.00235
1497.50000 0.00248
1505.00000 0.00267
1512.50000 0.00308
1520.00000 0.00331
1527.50000 0.00343
1535.00000 0.00377
1542.50000 0.00384
1550.00000 0.00377
1557.50000 0.00396
1565.00000 0.00388
1572.50000 0.00414
1580.00000 0.00415
1587.50000 0.00423
1595.00000 0.00417
1602.50000 0.00407
1610.00000 0.00419
1617.50000 0.00356
1625.00000 0.00375
1632.50000 0.00345
1640.00000 0.00314
1647.50000 0.00283
1655.00000 0.00271
1662.50000 0.00246
1670.00000 0.00213
1677.50000 0.00184
1685.00000 0.00172
1692.50000 0.00154
1700.00000 0.00137
1707.50000 0.00107
1715.00000 0.00101
1722.50000 0.00095
1730.00000 0.00082
1737.50000 0.00068
1745.00000 0.00062
1752.50000 0.00044
1760.00000 0.00057
1767.50000 0.00036
1775.00000 0.00032
1782.50000 0.00026
1790.00000 0.00017
1797.50000 0.00016
1805.00000 0.00011
1812.50000 0.00012
1820.00000 0.00009
1827.50000 0.00009
1835.00000 0.00005
1842.50000 0.00007
1850.00000 0.00006
1857.50000 0.00006
1865.00000 0.00004
1872.50000 0.00003
1880.00000 0.00002
1887.50000 0.00002
1895.00000 0.00001
1902.50000 0.00003
1910.00000 0.00001
1917.50000 0.00001
1925.00000 0.00001
1932.50000 0.00000
1940.00000 0.00000
1947.50000 0.00001
1955.00000 0.00000
1962.50000 0.00002
1970.00000 0.00001
1977.50000 0.00000
1985.00000 0.00001
1992.50000 0.00000
2000.00000 0.00000
2007.50000 0.00000
2015.00000 0.00001
2022.50000 0.00000
2030.00000 0.00001
2037.50000 0.00001
2045.00000 0.00000
2052.50000 0.00000
2060.00000 0.00000
2067.50000 0.00000
2075.00000 0.00000
2082.50000 0.00000
2090.00000 0.00000
2097.50000 0.00000
