500.00000 0.00000
507.50000 0.00000
515.00000 0.00000
522.50000 0.00000
530.00000 0.00000
537.50000 0.00000
545.00000 0.00000
552.50000 0.00000
560.00000 0.00000
567.50000 0.00000
575.00000 0.00000
582.50000 0.00000
590.00000 0.00000
597.50000 0.00000
605.00000 0.00000
612.50000 0.00000
620.00000 0.00000
627.50000 0.00000
635.00000 0.00000
642.50000 0.00000
650.00000 0.00000
657.50000 0.00000
665.00000 0.00000
672.50000 0.00000
680.00000 0.00000
687.50000 0.00000
695.00000 0.00000
702.50000 0.00000
710.00000 0.00000
717.50000 0.00000
725.00000 0.00000
732.50000 0.00000
740.00000 0.00000
747.50000 0.00000
755.00000 0.00000
762.50000 0.00000
770.00000 0.00000
777.50000 0.00000
785.00000 0.00000
792.50000 0.00000
800.00000 0.00000
807.50000 0.00000
815.00000 0.00000
822.50000 0.00000
830.00000 0.00000
837.50000 0.00000
845.00000 0.00000
852.50000 0.00000
860.00000 0.00000
867.50000 0.00000
875.00000 0.00000
882.50000 0.00000
890.00000 0.00000
897.50000 0.00000
905.00000 0.00000
912.50000 0.00000
920.00000 0.00000
927.50000 0.00000
935.00000 0.00000
942.50000 0.00000
950.00000 0.00000
957.50000 0.00000
965.00000 0.00000
972.50000 0.00000
980.00000 0.00000
987.50000 0.00000
995.00000 0.00000
1002.50000 0.00000
1010.00000 0.00000
1017.50000 0.00001
1025.00000 0.00000
1032.50000 0.00000
1040.00000 0.00000
1047.50000 0.00000
1055.00000 0.00000
1062.50000 0.00000
1070.00000 0.00001
1077.50000 0.00002
1085.00000 0.00002
1092.50000 0.00000
1100.00000 0.00001
1107.50000 0.00002
1115.00000 0.00000
1122.50000 0.00001
1130.00000 0.00001
1137.50000 0.00002
1145.00000 0.00001
1152.50000 0.00002
1160.00000 0.00002
1167.50000 0.00002
1175.00000 0.00005
1182.50000 0.00004
1190.00000 0.00003
1197.50000 0.00002
1205.00000 0.00009
1212.50000 0.00005
1220.00000 0.00004
1227.50000 0.00007
1235.00000 0.00008
1242.50000 0.00007
1250.00000 0.00009
1257.50000 0.00011
1265.00000 0.00012
1272.50000 0.00014
1280.00000 0.00013
1287.50000 0.00015
1295.00000 0.00019
1302.50000 0.00017
1310.00000 0.00021
1317.50000 0.00026
1325.00000 0.00022
1332.50000 0.00029
1340.00000 0.00032
1347.50000 0.00026
1355.00000 0.00031
1362.50000 0.00033
1370.00000 0.00043
1377.50000 0.00049
1385.00000 0.00033
1392.50000 0.00042
1400.00000 0.00055
1407.50000 0.00054
1415.00000 0.00048
1422.50000 0.00059
1430.00000 0.00048
1437.50000 0.00057
1445.00000 0.00059
1452.50000 0.00048
1460.00000 0.00062
1467.50000 0.00070
1475.00000 0.00071
1482.50000 0.00079
1490.00000 0.00083
1497.50000 0.00082
1505.00000 0.00099
1512.50000 0.00111
1520.00000 0.00118
1527.50000 0.00130
1535.00000 0.00142
1542.50000 0.00154
1550.00000 0.00165
1557.50000 0.00161
1565.00000 0.00177
1572.50000 0.00210
1580.00000 0.00234
1587.50000 0.00242
1595.00000 0.00276
1602.50000 0.00290
1610.00000 0.00275
1617.50000 0.00291
1625.00000 0.00325
1632.50000 0.00342
1640.00000 0.00358
1647.50000 0.00343
1655.00000 0.00386
1662.50000 0.00382
1670.00000 0.00407
1677.50000 0.00383
1685.00000 0.00376
1692.50000 0.00384
1700.00000 0.00406
1707.50000 0.00365
1715.00000 0.00373
1722.50000 0.00359
1730.00000 0.00344
1737.50000 0.00331
1745.00000 0.00324
1752.50000 0.00304
1760.00000 0.00260
1767.50000 0.00227
1775.00000 0.00242
1782.50000 0.00200
1790.00000 0.00178
1797.50000 0.00148
1805.00000 0.00157
1812.50000 0.00128
1820.00000 0.00106
1827.50000 0.00096
1835.00000 0.00081
1842.50000 0.00065
1850.00000 0.00062
1857.50000 0.00051
1865.00000 0.00042
1872.50000 0.00039
1880.00000 0.00038
1887.50000 0.00029
1895.00000 0.00027
1902.50000 0.00021
1910.00000 0.00019
1917.50000 0.00016
1925.00000 0.00016
1932.50000 0.00009
1940.00000 0.00007
1947.50000 0.00008
1955.00000 0.00008
1962.50000 0.00006
1970.00000 0.00006
1977.50000 0.00005
1985.00000 0.00001
1992.50000 0.00002
2000.00000 0.00003
2007.50000 0.00002
2015.00000 0.00000
2022.50000 0.00000
2030.00000 0.00001
2037.50000 0.00000
2045.00000 0.00001
2052.50000 0.00000
2060.00000 0.00000
2067.50000 0.00000
2075.00000 0.00000
2082.50000 0.00000
2090.00000 0.00001
2097.50000 0.00000
