0.00000 0.61728
0.00833 1.89531
0.01667 3.19507
0.02500 4.00362
0.03333 4.78609
0.04167 5.43815
0.05000 5.97283
0.05833 5.82503
0.06667 6.08585
0.07500 5.94675
0.08333 5.65984
0.09167 5.71636
0.10000 5.09038
0.10833 5.06430
0.11667 4.63394
0.12500 4.23402
0.13333 3.81670
0.14167 3.69498
0.15000 3.55153
0.15833 3.29071
0.16667 3.00380
0.17500 2.47781
0.18333 2.56475
0.19167 2.27350
0.20000 1.87792
0.20833 1.69969
0.21667 1.64318
0.22500 1.53450
0.23333 1.36062
0.24167 1.15631
0.25000 1.00851
0.25833 0.99112
0.26667 0.96070
0.27500 0.78247
0.28333 0.69553
0.29167 0.71291
0.30000 0.53469
0.30833 0.46079
0.31667 0.56077
0.32500 0.46079
0.33333 0.46513
0.34167 0.35211
0.35000 0.36080
0.35833 0.36950
0.36667 0.38689
0.37500 0.32603
0.38333 0.31733
0.39167 0.17388
0.40000 0.21300
0.40833 0.16953
0.41667 0.22170
0.42500 0.17823
0.43333 0.16953
0.44167 0.16953
0.45000 0.14345
0.45833 0.17388
0.46667 0.11737
0.47500 0.14345
0.48333 0.09129
0.49167 0.17823
