-3.14159 0.06036
-3.03687 0.05518
-2.93215 0.05552
-2.82743 0.05621
-2.72271 0.05725
-2.61799 0.07143
-2.51327 0.08717
-2.40855 0.11467
-2.30383 0.14287
-2.19911 0.18023
-2.09440 0.20271
-1.98968 0.25962
-1.88496 0.28504
-1.78024 0.33226
-1.67552 0.35198
-1.57080 0.34264
-1.46608 0.33745
-1.36136 0.31376
-1.25664 0.26602
-1.15192 0.22831
-1.04720 0.18282
-0.94248 0.14996
-0.83776 0.12990
-0.73304 0.10551
-0.62832 0.09184
-0.52360 0.07074
-0.41888 0.06209
-0.31416 0.06330
-0.20944 0.06088
-0.10472 0.05172
0.00000 0.06106
0.10472 0.05898
0.20944 0.06140
0.31416 0.06452
0.41888 0.05933
0.52360 0.06936
0.62832 0.08890
0.73304 0.10966
0.83776 0.14062
0.94248 0.16622
1.04720 0.20859
1.15192 0.24025
1.25664 0.28107
1.36136 0.33244
1.46608 0.32828
1.57080 0.35112
1.67552 0.35025
1.78024 0.31427
1.88496 0.27536
1.98968 0.22537
2.09440 0.19061
2.19911 0.16777
2.30383 0.12747
2.40855 0.10170
2.51327 0.08890
2.61799 0.07645
2.72271 0.06123
2.82743 0.05846
2.93215 0.06313
3.03687 0.05708
