-3.14159 0.00000
-3.08923 0.00000
-3.03687 0.00000
-2.98451 0.00000
-2.93215 0.00000
-2.87979 0.00000
-2.82743 0.00000
-2.77507 0.00000
-2.72271 0.00000
-2.67035 0.00000
-2.61799 0.00000
-2.56563 0.00000
-2.51327 0.00000
-2.46091 0.00000
-2.40855 0.00000
-2.35619 0.00000
-2.30383 0.00000
-2.25147 0.00000
-2.19911 0.00000
-2.14675 0.00000
-2.09440 0.00000
-2.04204 0.00069
-1.98968 0.00000
-1.93732 0.00000
-1.88496 0.00000
-1.83260 0.00000
-1.78024 0.00000
-1.72788 0.00138
-1.67552 0.00000
-1.62316 0.00000
-1.57080 0.00069
-1.51844 0.00069
-1.46608 0.00138
-1.41372 0.00000
-1.36136 0.00138
-1.30900 0.00208
-1.25664 0.00069
-1.20428 0.00415
-1.15192 0.00346
-1.09956 0.00553
-1.04720 0.00830
-0.99484 0.00623
-0.94248 0.01038
-0.89012 0.01453
-0.83776 0.01453
-0.78540 0.03390
-0.73304 0.03252
-0.68068 0.03944
-0.62832 0.05881
-0.57596 0.07680
-0.52360 0.09340
-0.47124 0.14529
-0.41888 0.24076
-0.36652 0.30857
-0.31416 0.48845
-0.26180 0.68770
-0.20944 0.99419
-0.15708 1.44805
-0.10472 2.09839
-0.05236 2.64149
-0.00000 2.68646
0.05236 2.07417
0.10472 1.51723
0.15708 1.04055
0.20944 0.69877
0.26180 0.46700
0.31416 0.29680
0.36652 0.22139
0.41888 0.16189
0.47124 0.11208
0.52360 0.08441
0.57596 0.06434
0.62832 0.04359
0.68068 0.04497
0.73304 0.02560
0.78540 0.02076
0.83776 0.01453
0.89012 0.01245
0.94248 0.01453
0.99484 0.00830
1.04720 0.00277
1.09956 0.00277
1.15192 0.00277
1.20428 0.00553
1.25664 0.00138
1.30900 0.00069
1.36136 0.00069
1.41372 0.00208
1.46608 0.00138
1.51844 0.00000
1.57080 0.00000
1.62316 0.00069
1.67552 0.00069
1.72788 0.00138
1.78024 0.00000
1.83260 0.00069
1.88496 0.00000
1.93732 0.00069
1.98968 0.00069
2.04204 0.00000
2.09440 0.00000
2.14675 0.00000
2.19911 0.00000
2.25147 0.00000
2.30383 0.00000
2.35619 0.00000
2.40855 0.00000
2.46091 0.00000
2.51327 0.00000
2.56563 0.00000
2.61799 0.00000
2.67035 0.00000
2.72271 0.00000
2.77507 0.00000
2.82743 0.00000
2.87979 0.00000
2.93215 0.00000
2.98451 0.00000
3.03687 0.00000
3.08923 0.00000
