0.00000 0.00000
0.02500 0.00000
0.05000 0.00000
0.07500 0.00000
0.10000 0.00000
0.12500 0.00000
0.15000 0.00000
0.17500 0.00000
0.20000 0.00000
0.22500 0.00000
0.25000 0.00000
0.27500 0.00000
0.30000 0.00307
0.32500 0.00154
0.35000 0.00307
0.37500 0.00307
0.40000 0.00154
0.42500 0.00461
0.45000 0.01075
0.47500 0.01383
0.50000 0.03072
0.52500 0.09217
0.55000 0.11368
0.57500 0.17359
0.60000 0.22429
0.62500 0.32721
0.65000 0.39634
0.67500 0.50695
0.70000 0.57301
0.72500 0.63907
0.75000 0.66365
0.77500 0.84338
0.80000 0.92787
0.82500 1.09071
0.85000 1.19518
0.87500 1.31346
0.90000 1.43943
0.92500 1.55619
0.95000 1.65450
0.97500 1.64375
1.00000 1.75590
1.02500 1.75590
1.05000 1.72978
1.07500 1.73900
1.10000 1.70981
1.12500 1.71442
1.15000 1.62378
1.17500 1.53775
1.20000 1.27967
1.22500 1.28889
1.25000 1.03848
1.27500 0.97857
1.30000 0.86182
1.32500 0.82956
1.35000 0.65289
1.37500 0.61756
1.40000 0.56072
1.42500 0.45318
1.45000 0.35333
1.47500 0.32261
1.50000 0.26577
1.52500 0.24272
1.55000 0.19356
1.57500 0.16591
1.60000 0.18435
1.62500 0.12136
1.65000 0.11214
1.67500 0.09064
1.70000 0.07835
1.72500 0.06145
1.75000 0.04455
1.77500 0.05070
1.80000 0.04148
1.82500 0.02151
1.85000 0.01997
1.87500 0.01229
1.90000 0.01229
1.92500 0.01229
1.95000 0.00614
1.97500 0.01229
